150 216
149 216
148 216
147 216
146 216
145 216
144 216
143 216
142 216
141 216
140 216
139 216
138 216
137 216
136 215
135 215
134 215
133 215
132 215
131 215
130 215
129 215
128 215
127 215
126 215
125 215
124 215
123 215
122 215
121 215
120 215
119 214
118 213
117 212
117 211
116 210
116 209
115 208
114 207
113 206
112 205
111 205
110 205
109 204
108 204
107 203
106 202
105 201
105 200
104 199
104 198
103 197
102 197
101 198
100 198
99 199
98 200
98 201
97 202
96 203
95 204
94 205
93 204
92 203
91 203
91 204
90 205
89 206
89 207
88 208
87 209
86 210
85 209
84 208
83 207
82 206
81 206
80 206
79 205
79 204
78 203
78 202
77 201
77 200
77 199
76 198
75 197
75 196
74 195
74 194
73 194
72 193
71 192
70 191
69 190
68 189
67 189
66 189
65 189
64 189
63 188
62 187
62 186
61 185
60 184
60 183
59 182
59 181
58 180
58 179
57 178
57 177
57 176
57 175
56 174
56 173
56 172
56 171
55 170
55 169
55 168
54 167
54 166
54 165
54 164
54 163
54 162
54 161
53 160
53 159
53 158
53 157
53 156
53 155
52 154
52 153
51 152
50 152
49 152
48 152
47 152
46 152
45 152
44 152
43 152
42 152
41 152
40 152
39 152
38 152
37 152
36 152
35 152
34 152
33 152
32 152
31 152
30 152
29 152
28 152
27 152
