185 103
184 103
183 103
182 104
181 104
180 105
179 105
178 105
177 105
176 106
175 106
174 106
173 106
172 106
171 106
170 106
169 107
168 107
167 107
166 107
165 107
164 107
163 107
162 107
161 107
160 107
159 107
158 107
157 107
156 107
155 107
154 107
153 107
152 107
151 108
150 109
149 109
148 109
147 108
146 108
145 108
144 108
143 108
142 108
141 108
140 108
139 108
138 108
137 108
136 108
135 107
134 107
133 107
132 106
131 106
130 106
129 105
128 104
127 104
126 105
125 105
124 106
123 107
122 108
121 107
120 107
119 106
118 106
117 106
116 107
115 108
114 109
113 109
112 109
111 108
111 107
110 106
109 106
108 105
107 105
106 105
105 105
104 105
103 104
102 104
101 105
100 105
99 105
98 105
97 105
96 105
95 105
94 105
93 105
92 104
92 103
91 102
90 101
89 100
89 99
88 98
88 97
87 96
87 95
86 94
86 93
85 92
85 91
84 90
84 89
83 88
83 87
82 86
82 85
81 84
81 83
80 82
79 81
78 81
77 81
76 81
75 81
74 81
73 81
72 81
71 81
70 81
69 81
68 81
67 81
66 81
65 81
64 81
63 81
62 81
61 81
60 81
59 81
58 81
57 81
56 81
55 81
54 81
53 81
52 81
51 81
50 81
49 81
48 81
47 81
46 81
45 81
44 81
43 81
42 81
41 81
40 81
39 81
38 81
37 81
36 81
35 81
34 81
33 81
32 81
31 81
30 81
