200 90
199 89
198 88
197 87
196 86
195 85
194 84
193 83
192 82
191 81
190 80
189 79
188 78
187 78
186 77
185 76
184 75
183 74
182 74
181 73
180 72
179 71
178 70
177 69
177 68
176 67
176 66
175 65
175 64
174 63
173 62
172 61
171 60
170 59
169 59
168 59
167 59
166 59
165 59
164 59
163 59
162 59
161 60
160 60
159 60
158 60
157 60
156 60
155 60
154 60
153 60
152 60
151 59
150 59
149 58
148 58
147 58
146 57
145 56
144 55
144 54
143 54
142 53
141 52
140 51
139 50
138 49
137 48
136 47
135 46
134 46
133 46
132 46
131 45
130 45
129 45
128 46
127 46
126 46
125 46
124 46
123 46
122 46
121 46
120 46
119 46
118 47
117 48
116 49
115 49
114 49
113 49
112 48
111 47
110 46
109 46
108 45
107 45
106 44
105 43
104 42
104 41
104 40
104 39
104 38
103 37
102 36
101 36
100 36
99 36
98 36
97 36
96 36
95 36
94 36
93 36
92 36
91 36
90 36
89 36
88 36
87 36
86 36
85 36
84 36
83 36
82 36
81 36
80 36
79 36
78 36
77 36
76 36
75 36
74 36
73 36
72 36
71 36
70 36
69 36
68 36
