210 173
209 173
208 173
207 173
206 173
205 173
204 173
203 172
202 172
201 171
200 171
199 171
198 171
197 171
196 171
195 171
194 171
193 171
192 171
191 171
190 170
189 170
188 170
187 170
186 170
185 170
184 170
183 171
182 172
181 173
180 173
179 173
178 173
177 173
176 173
175 173
174 173
173 173
172 173
171 173
170 173
169 173
168 173
167 173
166 174
165 174
164 173
163 173
162 173
161 174
160 175
159 176
158 177
157 178
156 179
155 178
154 177
153 176
152 177
151 178
150 179
149 180
148 180
147 179
146 178
145 177
145 176
145 175
145 174
144 173
143 172
142 172
141 172
140 172
139 172
138 172
137 172
136 172
135 171
134 171
133 171
132 171
131 171
130 170
129 170
128 169
127 168
126 168
126 167
126 166
126 165
126 164
125 163
125 162
124 161
123 160
122 159
121 158
120 157
119 156
118 155
117 154
116 153
115 152
114 151
113 150
112 149
111 149
110 149
109 148
108 148
107 149
106 149
105 150
104 151
104 152
103 153
102 154
101 154
100 155
99 155
98 155
97 155
96 156
95 156
94 156
93 156
92 156
91 156
90 156
89 157
88 157
87 158
86 159
85 159
84 160
83 161
82 162
81 162
80 163
79 163
78 162
77 161
76 160
75 160
73 157
73 156
72 155
71 155
70 154
69 154
68 153
67 153
66 154
65 155
64 155
63 155
62 155
61 154
60 153
59 152
58 152
57 152
56 152
55 152
54 153
53 153
52 153
51 152
50 152
49 152
48 152
47 152
46 152
45 152
44 152
43 152
42 152
41 152
40 152
39 152
38 152
37 152
36 152
35 152
34 152
33 152
32 152
31 152
30 152
29 152
28 152
27 152
